6 1276 1244 1223 1207 1192 1487 1261 1294 1195 1227 1198 1483 1260 1195 1195 1195 1195 1195 1585 1195 1195 1188 1195 1004 1044 1087 942 1109 844 1195 1195 1269 1107 964 110 128 843 878 132 143 870 850 170 214 938 926 619 628 597 597 597 581 597 953 707 714 1206 1261 720 685 1022 1249 648 976 1251 1437 656 694 1159 1183 1183 1066 1051 1183 1183 1179 1197 1183 1183 1178 1206 1183 1183 1009 976 1007 1007 1026 1019 1007 1007 
1276 6 61 102 180 175 233 72 98 255 196 99 236 114 255 255 255 255 255 340 255 255 115 255 301 258 233 404 230 473 255 255 132 249 362 1167 1149 544 526 1144 1133 519 516 1107 1063 443 440 694 691 664 664 664 714 664 507 596 596 400 154 575 623 272 48 648 516 119 174 629 610 134 187 187 298 295 187 187 164 113 187 187 123 86 187 187 368 415 293 293 337 357 293 293 
1244 61 6 47 150 149 276 31 69 255 170 104 287 160 255 255 255 255 255 379 255 255 65 255 258 210 197 367 192 437 255 255 131 227 327 1134 1117 508 491 1111 1101 484 482 1074 1031 409 405 670 662 664 664 664 686 664 475 568 568 378 149 543 594 228 47 611 503 84 219 597 582 130 187 187 262 258 187 187 135 93 187 187 87 50 187 187 332 380 293 293 303 324 293 293 
1223 102 47 6 113 114 315 43 73 255 134 112 328 193 255 255 255 255 255 415 255 255 45 255 228 182 163 333 155 408 255 255 119 197 297 1113 1096 475 456 1091 1081 450 449 1054 1011 374 371 659 650 664 664 664 673 664 438 556 558 341 176 529 584 204 88 590 517 59 260 580 571 131 187 187 225 223 187 187 102 89 187 187 62 71 187 187 296 344 293 293 267 288 293 293 
1207 180 150 113 6 34 389 135 151 255 48 147 394 249 255 255 255 255 255 484 255 255 123 255 217 197 122 282 102 378 255 255 114 136 254 1097 1080 418 394 1075 1067 390 395 1040 998 312 313 662 662 664 664 664 676 664 360 567 574 234 266 543 602 218 176 585 586 91 331 580 584 150 187 187 158 170 187 187 48 121 187 187 103 170 187 187 232 279 293 293 203 220 293 293 
1192 175 149 114 34 6 390 139 161 255 52 130 394 235 255 255 255 255 255 485 255 255 117 255 206 189 108 273 93 364 255 255 103 109 242 1082 1065 407 385 1060 1051 380 383 1024 982 301 303 645 644 664 664 664 659 664 354 549 556 240 263 526 585 204 175 570 571 105 333 563 566 131 187 187 148 159 187 187 42 118 187 187 89 162 187 187 225 272 293 293 195 211 293 293 
1487 233 276 315 389 390 6 275 262 255 392 323 64 251 255 255 255 255 255 118 255 255 339 255 530 480 465 637 458 702 255 255 309 468 594 1378 1361 777 759 1354 1343 752 748 1317 1272 676 673 889 880 664 664 664 912 664 736 790 785 590 262 773 814 495 262 856 630 318 74 834 803 360 187 187 527 527 187 187 385 341 187 187 349 298 187 187 600 646 293 293 568 588 293 293 
1261 72 31 43 135 139 275 6 45 255 152 116 288 176 255 255 255 255 255 376 255 255 75 255 268 222 200 371 191 446 255 255 117 227 334 1151 1134 512 493 1128 1119 488 487 1092 1048 410 409 691 683 664 664 664 707 664 473 589 590 361 160 564 617 242 68 628 533 66 220 616 604 145 187 187 261 259 187 187 129 102 187 187 93 78 187 187 332 380 293 293 303 323 293 293 
1294 98 69 73 151 161 262 45 6 255 163 159 282 207 255 255 255 255 255 360 255 255 114 255 298 251 231 400 219 479 255 255 130 258 366 1184 1167 542 522 1162 1152 518 518 1126 1082 440 439 727 718 664 664 664 742 664 498 623 624 370 178 597 650 275 98 659 560 70 209 650 638 187 187 187 288 289 187 187 155 135 187 187 130 114 187 187 359 408 293 293 332 352 293 293 
1195 255 255 255 255 255 255 255 255 6 255 255 255 255 255 255 255 255 255 255 255 255 255 255 255 255 255 255 255 255 255 255 255 255 255 758 758 758 758 664 664 664 664 543 543 543 543 664 664 664 664 664 664 664 664 431 431 431 431 386 386 386 386 543 543 543 543 401 401 187 187 187 401 401 187 187 187 187 187 187 187 187 187 187 293 293 293 293 293 293 293 293 
1227 196 170 134 48 52 392 152 163 255 6 166 398 263 255 255 255 255 255 480 255 255 146 255 243 227 150 303 127 395 255 255 103 140 275 1118 1101 430 405 1096 1088 402 408 1061 1019 323 327 689 686 664 664 664 701 664 368 592 600 220 282 569 629 243 201 608 616 116 338 604 610 176 187 187 172 188 187 187 85 155 187 187 127 193 187 187 247 292 293 293 220 233 293 293 
1198 99 104 112 147 130 323 116 159 255 166 6 315 121 255 255 255 255 255 427 255 255 94 255 233 205 162 326 164 390 255 255 128 167 277 1088 1071 457 441 1065 1055 432 428 1028 985 359 355 623 626 664 664 664 643 664 424 532 533 349 197 512 561 212 102 580 497 138 265 558 546 44 187 187 222 217 187 187 117 82 187 187 86 102 187 187 289 333 293 293 257 276 293 293 
1483 236 287 328 394 394 64 288 282 255 398 315 6 232 255 255 255 255 255 150 255 255 348 255 534 488 467 637 461 701 255 255 314 465 590 1374 1357 773 755 1351 1340 747 744 1313 1269 672 670 882 881 664 664 664 909 664 731 790 786 589 279 776 814 503 266 860 634 330 84 834 804 351 187 187 527 527 187 187 388 339 187 187 356 309 187 187 598 643 293 293 566 586 293 293 
1260 114 160 193 249 235 251 176 207 255 263 121 232 6 255 255 255 255 255 351 255 255 189 255 334 300 274 433 278 484 255 255 192 268 380 1150 1133 561 547 1127 1116 536 528 1089 1046 466 461 663 668 664 664 664 690 664 534 576 574 452 177 564 605 306 137 646 484 218 206 615 591 145 187 187 338 333 187 187 221 180 187 187 183 155 187 187 402 444 293 293 368 388 293 293 
1195 255 255 255 255 255 255 255 255 255 255 255 255 255 6 255 255 255 255 255 255 255 255 255 255 255 255 255 255 255 255 255 255 255 255 758 758 758 758 664 664 664 664 543 543 543 543 664 664 664 664 664 664 664 664 431 431 431 431 386 386 386 386 543 543 543 543 401 401 187 187 187 401 401 187 187 187 187 187 187 187 187 187 187 293 293 293 293 293 293 293 293 
1195 255 255 255 255 255 255 255 255 255 255 255 255 255 255 6 255 255 255 255 255 255 255 255 255 255 255 255 255 255 255 255 255 255 255 758 758 758 758 664 664 664 664 543 543 543 543 664 664 664 664 664 664 664 664 431 431 431 431 386 386 386 386 543 543 543 543 401 401 187 187 187 401 401 187 187 187 187 187 187 187 187 187 187 293 293 293 293 293 293 293 293 
1195 255 255 255 255 255 255 255 255 255 255 255 255 255 255 255 6 255 255 255 255 255 255 255 255 255 255 255 255 255 255 255 255 255 255 758 758 758 758 664 664 664 664 543 543 543 543 664 664 664 664 664 664 664 664 431 431 431 431 386 386 386 386 543 543 543 543 401 401 187 187 187 401 401 187 187 187 187 187 187 187 187 187 187 293 293 293 293 293 293 293 293 
1195 255 255 255 255 255 255 255 255 255 255 255 255 255 255 255 255 6 255 255 255 255 255 255 255 255 255 255 255 255 255 255 255 255 255 758 758 758 758 664 664 664 664 543 543 543 543 664 664 664 664 664 664 664 664 431 431 431 431 386 386 386 386 543 543 543 543 401 401 187 187 187 401 401 187 187 187 187 187 187 187 187 187 187 293 293 293 293 293 293 293 293 
1195 255 255 255 255 255 255 255 255 255 255 255 255 255 255 255 255 255 6 255 255 255 255 255 255 255 255 255 255 255 255 255 255 255 255 758 758 758 758 664 664 664 664 543 543 543 543 664 664 664 664 664 664 664 664 431 431 431 431 386 386 386 386 543 543 543 543 401 401 187 187 187 401 401 187 187 187 187 187 187 187 187 187 187 293 293 293 293 293 293 293 293 
1585 340 379 415 484 485 118 376 360 255 480 427 150 351 255 255 255 255 255 6 255 255 441 255 633 583 566 739 558 803 255 255 397 561 697 1476 1460 878 859 1453 1442 851 849 1414 1370 774 773 985 971 664 664 664 1009 664 834 884 878 670 345 869 910 595 373 954 714 418 188 930 898 465 187 187 626 627 187 187 484 450 187 187 448 401 187 187 700 746 293 293 668 687 293 293 
1195 255 255 255 255 255 255 255 255 255 255 255 255 255 255 255 255 255 255 255 6 255 255 255 255 255 255 255 255 255 255 255 255 255 255 758 758 758 758 664 664 664 664 543 543 543 543 664 664 664 664 664 664 664 664 431 431 431 431 386 386 386 386 543 543 543 543 401 401 187 187 187 401 401 187 187 187 187 187 187 187 187 187 187 293 293 293 293 293 293 293 293 
1195 255 255 255 255 255 255 255 255 255 255 255 255 255 255 255 255 255 255 255 255 6 255 255 255 255 255 255 255 255 255 255 255 255 255 758 758 758 758 664 664 664 664 543 543 543 543 664 664 664 664 664 664 664 664 431 431 431 431 386 386 386 386 543 543 543 543 401 401 187 187 187 401 401 187 187 187 187 187 187 187 187 187 187 293 293 293 293 293 293 293 293 
1188 115 65 45 123 117 339 75 114 255 146 94 348 189 255 255 255 255 255 441 255 255 6 255 199 155 139 306 137 374 255 255 138 178 266 1078 1061 445 428 1056 1046 422 419 1019 976 346 343 625 616 664 664 664 638 664 416 523 524 342 176 496 550 170 96 559 493 94 283 546 537 106 187 187 203 197 187 187 101 81 187 187 49 65 187 187 271 318 293 293 243 264 293 293 
1195 255 255 255 255 255 255 255 255 255 255 255 255 255 255 255 255 255 255 255 255 255 255 6 255 255 255 255 255 255 255 255 255 255 255 758 758 758 758 664 664 664 664 543 543 543 543 664 664 664 664 664 664 664 664 431 431 431 431 386 386 386 386 543 543 543 543 401 401 187 187 187 401 401 187 187 187 187 187 187 187 187 187 187 293 293 293 293 293 293 293 293 
1004 301 258 228 217 206 530 268 298 255 243 233 534 334 255 255 255 255 255 633 255 255 199 255 6 67 102 141 123 189 255 255 290 173 107 894 877 271 261 872 864 252 244 837 794 191 180 470 470 664 664 664 478 664 275 377 385 333 336 344 404 76 273 389 459 251 473 383 394 201 187 187 122 102 187 187 188 212 187 187 191 234 187 187 141 176 293 293 124 145 293 293 
1044 258 210 182 197 189 480 222 251 255 227 205 488 300 255 255 255 255 255 583 255 255 155 255 67 6 105 194 122 246 255 255 259 182 164 935 917 332 322 912 903 314 306 877 833 251 241 498 489 664 664 664 505 664 332 395 400 356 281 362 420 57 227 415 432 212 425 409 410 178 187 187 155 138 187 187 168 180 187 187 153 183 187 187 193 233 293 293 173 195 293 293 
1087 233 197 163 122 108 465 200 231 255 150 162 467 274 255 255 255 255 255 566 255 255 139 255 102 105 6 176 34 261 255 255 199 92 141 977 960 316 298 955 946 291 290 920 877 216 212 546 548 664 664 664 557 664 285 454 462 265 293 427 486 116 215 469 510 175 406 462 470 136 187 187 77 73 187 187 96 143 187 187 120 186 187 187 143 190 293 293 112 134 293 293 
942 404 367 333 282 273 637 371 400 255 303 326 637 433 255 255 255 255 255 739 255 255 306 255 141 194 176 6 191 145 255 255 366 213 75 833 816 155 143 813 806 135 136 779 739 88 77 459 469 664 664 664 460 664 157 386 401 299 446 356 415 185 381 358 546 341 576 366 398 292 187 187 138 128 187 187 267 304 187 187 293 351 187 187 85 88 293 293 101 99 293 293 
1109 230 192 155 102 93 458 191 219 255 127 164 461 278 255 255 255 255 255 558 255 255 137 255 123 122 34 191 6 279 255 255 185 94 157 999 982 328 308 977 969 302 303 942 900 226 224 572 574 664 664 664 583 664 288 480 488 248 294 453 513 140 214 492 533 162 399 488 497 144 187 187 77 81 187 187 84 142 187 187 120 189 187 187 149 196 293 293 119 140 293 293 
844 473 437 408 378 364 702 446 479 255 395 390 701 484 255 255 255 255 255 803 255 255 374 255 189 246 261 145 279 6 255 255 450 288 143 734 716 139 152 713 705 138 112 679 638 139 122 365 376 664 664 664 363 664 218 302 316 404 492 273 332 227 450 281 510 431 646 275 317 356 187 187 232 217 187 187 354 386 187 187 363 410 187 187 184 166 293 293 196 192 293 293 
1195 255 255 255 255 255 255 255 255 255 255 255 255 255 255 255 255 255 255 255 255 255 255 255 255 255 255 255 255 255 6 255 255 255 255 758 758 758 758 664 664 664 664 543 543 543 543 664 664 664 664 664 664 664 664 431 431 431 431 386 386 386 386 543 543 543 543 401 401 187 187 187 401 401 187 187 187 187 187 187 187 187 187 187 293 293 293 293 293 293 293 293 
1195 255 255 255 255 255 255 255 255 255 255 255 255 255 255 255 255 255 255 255 255 255 255 255 255 255 255 255 255 255 255 6 255 255 255 758 758 758 758 664 664 664 664 543 543 543 543 664 664 664 664 664 664 664 664 431 431 431 431 386 386 386 386 543 543 543 543 401 401 187 187 187 401 401 187 187 187 187 187 187 187 187 187 187 293 293 293 293 293 293 293 293 
1269 132 131 119 114 103 309 117 130 255 103 128 314 192 255 255 255 255 255 397 255 255 138 255 290 259 199 366 185 450 255 255 6 179 331 1159 1142 499 477 1136 1127 471 473 1100 1057 394 395 710 702 664 664 664 723 664 445 609 612 305 228 589 644 272 157 642 587 114 259 631 624 154 187 187 244 253 187 187 123 144 187 187 121 157 187 187 321 366 293 293 291 306 293 293 
1107 249 227 197 136 109 468 227 258 255 140 167 465 268 255 255 255 255 255 561 255 255 178 255 173 182 92 213 94 288 255 255 179 6 173 997 980 330 311 975 967 302 301 940 898 227 228 570 571 664 664 664 582 664 288 480 489 241 310 462 521 179 248 499 550 208 414 489 497 148 187 187 104 115 187 187 120 184 187 187 147 221 187 187 170 209 293 293 139 149 293 293 
964 362 327 297 254 242 594 334 366 255 275 277 590 380 255 255 255 255 255 697 255 255 266 255 107 164 141 75 157 143 255 255 331 173 6 854 837 187 175 833 825 164 158 799 757 104 92 453 466 664 664 664 461 664 188 379 392 303 402 352 411 157 340 374 517 312 534 369 394 243 187 187 111 95 187 187 232 266 187 187 254 310 187 187 79 96 293 293 75 85 293 293 
110 1167 1134 1113 1097 1082 1378 1151 1184 758 1118 1088 1374 1150 758 758 758 758 758 1476 758 758 1078 758 894 935 977 833 999 734 758 758 1159 997 854 6 20 736 771 24 37 763 742 63 106 829 817 515 525 430 430 430 475 430 847 601 609 1099 1152 613 581 913 1140 541 879 1141 1328 548 589 1048 748 748 956 941 748 748 1069 1087 748 748 1068 1096 748 748 899 868 532 532 916 909 532 532 
128 1149 1117 1096 1080 1065 1361 1134 1167 758 1101 1071 1357 1133 758 758 758 758 758 1460 758 758 1061 758 877 917 960 816 982 716 758 758 1142 980 837 20 6 719 754 17 27 745 724 50 91 812 800 499 511 430 430 430 459 430 830 586 594 1083 1136 597 565 896 1122 526 864 1124 1311 533 574 1031 748 748 939 924 748 748 1051 1069 748 748 1050 1079 748 748 882 851 532 532 899 892 532 532 
843 544 508 475 418 407 777 512 542 758 430 457 773 561 758 758 758 758 758 878 758 758 445 758 271 332 316 155 328 139 758 758 499 330 187 736 719 6 35 718 712 31 40 687 650 108 105 440 461 430 430 430 433 430 120 400 418 370 581 374 427 317 523 344 631 485 717 355 410 424 748 748 261 254 748 748 405 446 748 748 433 492 748 748 188 144 532 532 216 199 532 532 
878 526 491 456 394 385 759 493 522 758 405 441 755 547 758 758 758 758 758 859 758 758 428 758 261 322 298 143 308 152 758 758 477 311 175 771 754 35 6 753 748 24 55 723 685 85 88 470 489 430 430 430 465 430 89 425 443 336 567 399 454 309 506 373 644 464 699 384 436 409 748 748 238 234 748 748 385 428 748 748 416 477 748 748 163 117 532 532 194 175 532 532 
132 1144 1111 1091 1075 1060 1354 1128 1162 664 1096 1065 1351 1127 664 664 664 664 664 1453 664 664 1056 664 872 912 955 813 977 713 664 664 1136 975 833 24 17 718 753 6 14 744 722 38 82 810 797 491 501 438 438 438 451 438 829 577 585 1080 1129 589 557 890 1117 518 854 1119 1304 525 565 1026 648 648 935 920 648 648 1047 1064 648 648 1045 1073 648 648 879 848 475 475 896 889 475 475 
143 1133 1101 1081 1067 1051 1343 1119 1152 664 1088 1055 1340 1116 664 664 664 664 664 1442 664 664 1046 664 864 903 946 806 969 705 664 664 1127 967 825 37 27 712 748 14 6 738 716 28 71 803 791 479 489 438 438 438 439 438 824 565 573 1074 1119 578 544 881 1106 509 841 1110 1294 514 553 1016 648 648 927 912 648 648 1038 1055 648 648 1036 1063 648 648 872 842 475 475 888 882 475 475 
870 519 484 450 390 380 752 488 518 664 402 432 747 536 664 664 664 664 664 851 664 664 422 664 252 314 291 135 302 138 664 664 471 302 164 763 745 31 24 744 738 6 33 713 675 80 79 451 471 438 438 438 447 438 99 406 424 341 559 381 436 300 499 358 627 460 691 366 418 399 648 648 234 229 648 648 378 421 648 648 408 469 648 648 162 118 475 475 188 171 475 475 
850 516 482 449 395 383 748 487 518 664 408 428 744 528 664 664 664 664 664 849 664 664 419 664 244 306 290 136 303 112 664 664 473 301 158 742 724 40 55 722 716 33 6 691 652 90 83 419 440 438 438 438 416 438 130 374 393 363 551 351 406 290 496 330 601 462 689 335 387 394 648 648 239 232 648 648 379 421 648 648 405 463 648 648 171 131 475 475 194 179 475 475 
170 1107 1074 1054 1040 1024 1317 1092 1126 543 1061 1028 1313 1089 543 543 543 543 543 1414 543 543 1019 543 837 877 920 779 942 679 543 543 1100 940 799 63 50 687 723 38 28 713 691 6 44 777 765 453 462 531 531 531 412 531 799 538 546 1048 1091 551 519 854 1080 482 817 1083 1267 486 526 989 514 514 901 886 514 514 1011 1028 514 514 1008 1036 514 514 846 816 460 460 862 855 460 460 
214 1063 1031 1011 998 982 1272 1048 1082 543 1019 985 1269 1046 543 543 543 543 543 1370 543 543 976 543 794 833 877 739 900 638 543 543 1057 898 757 106 91 650 685 82 71 675 652 44 6 738 725 411 420 531 531 531 368 531 763 494 503 1011 1047 507 474 811 1036 439 775 1039 1223 443 482 946 514 514 860 844 514 514 968 985 514 514 965 992 514 514 806 777 460 460 821 815 460 460 
938 443 409 374 312 301 676 410 440 543 323 359 672 466 543 543 543 543 543 774 543 543 346 543 191 251 216 88 226 139 543 543 394 227 104 829 812 108 85 810 803 80 90 777 738 6 21 480 494 531 531 531 481 531 101 419 434 280 487 392 452 238 426 388 603 383 616 392 432 328 514 514 155 152 514 514 301 348 514 514 332 396 514 514 85 47 460 460 112 92 460 460 
926 440 405 371 313 303 673 409 439 543 327 355 670 461 543 543 543 543 543 773 543 543 343 543 180 241 212 77 224 122 543 543 395 228 92 817 800 105 88 797 791 79 83 765 725 21 6 462 477 531 531 531 463 531 112 400 416 295 483 374 433 229 421 371 585 382 613 374 414 323 514 514 157 151 514 514 300 344 514 514 329 391 514 514 88 55 460 460 112 96 460 460 
619 694 670 659 662 645 889 691 727 664 689 623 882 663 664 664 664 664 664 985 664 664 625 664 470 498 546 459 572 365 664 664 710 570 453 515 499 440 470 491 479 451 419 453 411 480 462 6 129 438 438 438 79 438 541 144 152 737 673 178 142 478 669 199 416 691 843 143 152 585 648 648 553 536 648 648 624 631 648 648 612 628 648 648 522 511 475 475 521 526 475 475 
628 691 662 650 662 644 880 683 718 664 686 626 881 668 664 664 664 664 664 971 664 664 616 664 470 489 548 469 574 376 664 664 702 571 466 525 511 461 489 501 489 471 440 462 420 494 477 129 6 438 438 438 92 438 563 100 99 747 656 133 104 463 667 161 388 687 839 112 95 591 648 648 558 540 648 648 626 636 648 648 605 618 648 648 533 526 475 475 533 537 475 475 
597 664 664 664 664 664 664 664 664 664 664 664 664 664 664 664 664 664 664 664 664 664 664 664 664 664 664 664 664 664 664 664 664 664 664 430 430 430 430 438 438 438 438 531 531 531 531 438 438 6 438 438 438 438 438 530 530 530 530 484 484 484 484 531 531 531 531 428 428 648 648 648 428 428 648 648 648 648 648 648 648 648 648 648 475 475 475 475 475 475 475 475 
597 664 664 664 664 664 664 664 664 664 664 664 664 664 664 664 664 664 664 664 664 664 664 664 664 664 664 664 664 664 664 664 664 664 664 430 430 430 430 438 438 438 438 531 531 531 531 438 438 438 6 438 438 438 438 530 530 530 530 484 484 484 484 531 531 531 531 428 428 648 648 648 428 428 648 648 648 648 648 648 648 648 648 648 475 475 475 475 475 475 475 475 
597 664 664 664 664 664 664 664 664 664 664 664 664 664 664 664 664 664 664 664 664 664 664 664 664 664 664 664 664 664 664 664 664 664 664 430 430 430 430 438 438 438 438 531 531 531 531 438 438 438 438 6 438 438 438 530 530 530 530 484 484 484 484 531 531 531 531 428 428 648 648 648 428 428 648 648 648 648 648 648 648 648 648 648 475 475 475 475 475 475 475 475 
581 714 686 673 676 659 912 707 742 664 701 643 909 690 664 664 664 664 664 1009 664 664 638 664 478 505 557 460 583 363 664 664 723 582 461 475 459 433 465 451 439 447 416 412 368 481 463 79 92 438 438 438 6 438 540 135 143 746 692 159 122 483 688 160 430 706 866 110 128 604 648 648 561 543 648 648 640 648 648 648 627 644 648 648 527 514 475 475 530 532 475 475 
597 664 664 664 664 664 664 664 664 664 664 664 664 664 664 664 664 664 664 664 664 664 664 664 664 664 664 664 664 664 664 664 664 664 664 430 430 430 430 438 438 438 438 531 531 531 531 438 438 438 438 438 438 6 438 530 530 530 530 484 484 484 484 531 531 531 531 428 428 648 648 648 428 428 648 648 648 648 648 648 648 648 648 648 475 475 475 475 475 475 475 475 
953 507 475 438 360 354 736 473 498 664 368 424 731 534 664 664 664 664 664 834 664 664 416 664 275 332 285 157 288 218 664 664 445 288 188 847 830 120 89 829 824 99 130 799 763 101 112 541 563 438 438 438 540 438 6 493 511 266 564 468 524 327 491 445 690 437 674 457 505 396 648 648 216 220 648 648 358 407 648 648 401 469 648 648 147 106 475 475 177 155 475 475 
707 596 568 556 567 549 790 589 623 431 592 532 790 576 431 431 431 431 431 884 431 431 523 431 377 395 454 386 480 302 431 431 609 480 379 601 586 400 425 577 565 406 374 538 494 419 400 144 100 530 530 530 135 530 493 6 30 663 568 58 72 371 572 138 337 591 746 78 44 495 394 394 469 450 394 394 530 539 394 394 510 524 394 394 449 446 391 391 446 452 391 391 
714 596 568 558 574 556 785 590 624 431 600 533 786 574 431 431 431 431 431 878 431 431 524 431 385 400 462 401 488 316 431 431 612 489 392 609 594 418 443 585 573 424 393 546 503 434 416 152 99 530 530 530 143 530 511 30 6 677 564 63 62 375 571 161 316 595 743 99 44 498 394 394 479 460 394 394 537 542 394 394 513 523 394 394 462 461 391 391 458 465 391 391 
1206 400 378 341 234 240 590 361 370 431 220 349 589 452 431 431 431 431 431 670 431 431 342 431 333 356 265 299 248 404 431 431 305 241 303 1099 1083 370 336 1080 1074 341 363 1048 1011 280 295 737 747 530 530 530 746 530 266 663 677 6 483 639 702 362 402 644 773 314 534 651 679 344 394 394 216 241 394 394 264 332 394 394 324 397 394 394 234 251 391 391 231 222 391 391 
1261 154 149 176 266 263 262 160 178 431 282 197 279 177 431 431 431 431 431 345 431 431 176 431 336 281 293 446 294 492 431 431 228 310 402 1152 1136 581 567 1129 1119 559 551 1091 1047 487 483 673 656 530 530 530 692 530 564 568 564 483 6 549 596 287 156 629 462 216 234 609 583 221 394 394 360 352 394 394 249 223 394 394 192 141 394 394 422 466 391 391 392 413 391 391 
720 575 543 529 543 526 773 564 597 386 569 512 776 564 386 386 386 386 386 869 386 386 496 386 344 362 427 356 453 273 386 386 589 462 352 613 597 374 399 589 578 381 351 551 507 392 374 178 133 484 484 484 159 484 468 58 63 639 549 6 72 340 548 127 334 565 728 82 68 476 335 335 441 422 335 335 507 514 335 335 487 500 335 335 420 418 361 361 419 425 361 361 
685 623 594 584 602 585 814 617 650 386 629 561 814 605 386 386 386 386 386 910 386 386 550 386 404 420 486 415 513 332 386 386 644 521 411 581 565 427 454 557 544 436 406 519 474 452 433 142 104 484 484 484 122 484 524 72 62 702 596 72 6 399 595 157 322 620 769 102 59 524 335 335 503 482 335 335 564 563 335 335 542 550 335 335 480 477 361 361 479 486 361 361 
1022 272 228 204 218 204 495 242 275 386 243 212 503 306 386 386 386 386 386 595 386 386 170 386 76 57 116 185 140 227 386 386 272 179 157 913 896 317 309 890 881 300 290 854 811 238 229 478 463 484 484 484 483 484 327 371 375 362 287 340 399 6 246 395 423 238 441 385 385 185 335 335 159 138 335 335 188 200 335 335 166 197 335 335 191 227 361 361 172 190 361 361 
1249 48 47 88 176 175 262 68 98 386 201 102 266 137 386 386 386 386 386 373 386 386 96 386 273 227 215 381 214 450 386 386 157 248 340 1140 1122 523 506 1117 1106 499 496 1080 1036 426 421 669 667 484 484 484 688 484 491 572 571 402 156 548 595 246 6 621 491 110 201 603 586 126 335 335 283 277 335 335 156 90 335 335 114 66 335 335 349 396 361 361 319 342 361 361 
648 648 611 590 585 570 856 628 659 543 608 580 860 646 543 543 543 543 543 954 543 543 559 543 389 415 469 358 492 281 543 543 642 499 374 541 526 344 373 518 509 358 330 482 439 388 371 199 161 531 531 531 160 531 445 138 161 644 629 127 157 395 621 6 449 619 807 77 137 542 514 514 467 451 514 514 555 574 514 514 547 573 514 514 432 420 460 460 439 440 460 460 
976 516 503 517 586 571 630 533 560 543 616 497 634 484 543 543 543 543 543 714 543 543 493 543 459 432 510 546 533 510 543 543 587 550 517 879 864 631 644 854 841 627 601 817 775 603 585 416 388 531 531 531 430 531 690 337 316 773 462 334 322 423 491 449 6 560 604 406 338 476 514 514 567 545 514 514 545 507 514 514 495 457 514 514 585 607 460 460 568 586 460 460 
1251 119 84 59 91 105 318 66 70 543 116 138 330 218 543 543 543 543 543 418 543 543 94 543 251 212 175 341 162 431 543 543 114 208 312 1141 1124 485 464 1119 1110 460 462 1083 1039 383 382 691 687 531 531 531 706 531 437 591 595 314 216 565 620 238 110 619 560 6 258 612 607 154 514 514 230 233 514 514 96 94 514 514 96 119 514 514 301 349 460 460 273 293 460 460 
1437 174 219 260 331 333 74 220 209 543 338 265 84 206 543 543 543 543 543 188 543 543 283 543 473 425 406 576 399 646 543 543 259 414 534 1328 1311 717 699 1304 1294 691 689 1267 1223 616 613 843 839 531 531 531 866 531 674 746 743 534 234 728 769 441 201 807 604 258 6 786 759 300 514 514 467 466 514 514 326 275 514 514 294 245 514 514 538 585 460 460 508 528 460 460 
656 629 597 580 580 563 834 616 650 401 604 558 834 615 401 401 401 401 401 930 401 401 546 401 383 409 462 366 488 275 401 401 631 489 369 548 533 355 384 525 514 366 335 486 443 392 374 143 112 428 428 428 110 428 457 78 99 651 609 82 102 385 603 77 406 612 786 6 80 520 368 368 465 448 368 368 547 561 368 368 534 556 368 368 434 424 264 264 437 439 264 264 
694 610 582 571 584 566 803 604 638 401 610 546 804 591 401 401 401 401 401 898 401 401 537 401 394 410 470 398 497 317 401 401 624 497 394 589 574 410 436 565 553 418 387 526 482 432 414 152 95 428 428 428 128 428 505 44 44 679 583 68 59 385 586 137 338 607 759 80 6 510 368 368 484 465 368 368 548 552 368 368 526 538 368 368 463 460 264 264 462 467 264 264 
1159 134 130 131 150 131 360 145 187 187 176 44 351 145 187 187 187 187 187 465 187 187 106 187 201 178 136 292 144 356 187 187 154 148 243 1048 1031 424 409 1026 1016 399 394 989 946 328 323 585 591 648 648 648 604 648 396 495 498 344 221 476 524 185 126 542 476 154 300 520 510 6 97 97 198 192 97 97 112 82 97 97 89 117 97 97 261 304 269 269 229 249 269 269 
1183 187 187 187 187 187 187 187 187 187 187 187 187 187 187 187 187 187 187 187 187 187 187 187 187 187 187 187 187 187 187 187 187 187 187 748 748 748 748 648 648 648 648 514 514 514 514 648 648 648 648 648 648 648 648 394 394 394 394 335 335 335 335 514 514 514 514 368 368 97 6 97 368 368 97 97 97 97 97 97 97 97 97 97 269 269 269 269 269 269 269 269 
1183 187 187 187 187 187 187 187 187 187 187 187 187 187 187 187 187 187 187 187 187 187 187 187 187 187 187 187 187 187 187 187 187 187 187 748 748 748 748 648 648 648 648 514 514 514 514 648 648 648 648 648 648 648 648 394 394 394 394 335 335 335 335 514 514 514 514 368 368 97 97 6 368 368 97 97 97 97 97 97 97 97 97 97 269 269 269 269 269 269 269 269 
1066 298 262 225 158 148 527 261 288 401 172 222 527 338 401 401 401 401 401 626 401 401 203 401 122 155 77 138 77 232 401 401 244 104 111 956 939 261 238 935 927 234 239 901 860 155 157 553 558 428 428 428 561 428 216 469 479 216 360 441 503 159 283 467 567 230 467 465 484 198 368 368 6 31 368 368 149 206 368 368 187 257 368 368 79 125 264 264 53 67 264 264 
1051 295 258 223 170 159 527 259 289 401 188 217 527 333 401 401 401 401 401 627 401 401 197 401 102 138 73 128 81 217 401 401 253 115 95 941 924 254 234 920 912 229 232 886 844 152 151 536 540 428 428 428 543 428 220 450 460 241 352 422 482 138 277 451 545 233 466 448 465 192 368 368 31 6 368 368 157 200 368 368 185 250 368 368 76 122 264 264 52 69 264 264 
1183 187 187 187 187 187 187 187 187 187 187 187 187 187 187 187 187 187 187 187 187 187 187 187 187 187 187 187 187 187 187 187 187 187 187 748 748 748 748 648 648 648 648 514 514 514 514 648 648 648 648 648 648 648 648 394 394 394 394 335 335 335 335 514 514 514 514 368 368 97 97 97 368 368 6 97 97 97 97 97 97 97 97 97 269 269 269 269 269 269 269 269 
1183 187 187 187 187 187 187 187 187 187 187 187 187 187 187 187 187 187 187 187 187 187 187 187 187 187 187 187 187 187 187 187 187 187 187 748 748 748 748 648 648 648 648 514 514 514 514 648 648 648 648 648 648 648 648 394 394 394 394 335 335 335 335 514 514 514 514 368 368 97 97 97 368 368 97 6 97 97 97 97 97 97 97 97 269 269 269 269 269 269 269 269 
1179 164 135 102 48 42 385 129 155 187 85 117 388 221 187 187 187 187 187 484 187 187 101 187 188 168 96 267 84 354 187 187 123 120 232 1069 1051 405 385 1047 1038 378 379 1011 968 301 300 624 626 648 648 648 640 648 358 530 537 264 249 507 564 188 156 555 545 96 326 547 548 112 97 97 149 157 97 97 6 96 97 97 72 143 97 97 224 272 269 269 191 212 269 269 
1197 113 93 89 121 118 341 102 135 187 155 82 339 180 187 187 187 187 187 450 187 187 81 187 212 180 143 304 142 386 187 187 144 184 266 1087 1069 446 428 1064 1055 421 421 1028 985 348 344 631 636 648 648 648 648 648 407 539 542 332 223 514 563 200 90 574 507 94 275 561 552 82 97 97 206 200 97 97 96 6 97 97 85 103 97 97 270 317 269 269 241 263 269 269 
1183 187 187 187 187 187 187 187 187 187 187 187 187 187 187 187 187 187 187 187 187 187 187 187 187 187 187 187 187 187 187 187 187 187 187 748 748 748 748 648 648 648 648 514 514 514 514 648 648 648 648 648 648 648 648 394 394 394 394 335 335 335 335 514 514 514 514 368 368 97 97 97 368 368 97 97 97 97 6 97 97 97 97 97 269 269 269 269 269 269 269 269 
1183 187 187 187 187 187 187 187 187 187 187 187 187 187 187 187 187 187 187 187 187 187 187 187 187 187 187 187 187 187 187 187 187 187 187 748 748 748 748 648 648 648 648 514 514 514 514 648 648 648 648 648 648 648 648 394 394 394 394 335 335 335 335 514 514 514 514 368 368 97 97 97 368 368 97 97 97 97 97 6 97 97 97 97 269 269 269 269 269 269 269 269 
1178 123 87 62 103 89 349 93 130 187 127 86 356 183 187 187 187 187 187 448 187 187 49 187 191 153 120 293 120 363 187 187 121 147 254 1068 1050 433 416 1045 1036 408 405 1008 965 332 329 612 605 648 648 648 627 648 401 510 513 324 192 487 542 166 114 547 495 96 294 534 526 89 97 97 187 185 97 97 72 85 97 97 6 79 97 97 260 307 269 269 228 248 269 269 
1206 86 50 71 170 162 298 78 114 187 193 102 309 155 187 187 187 187 187 401 187 187 65 187 234 183 186 351 189 410 187 187 157 221 310 1096 1079 492 477 1073 1063 469 463 1036 992 396 391 628 618 648 648 648 644 648 469 524 523 397 141 500 550 197 66 573 457 119 245 556 538 117 97 97 257 250 97 97 143 103 97 97 79 6 97 97 324 371 269 269 294 316 269 269 
1183 187 187 187 187 187 187 187 187 187 187 187 187 187 187 187 187 187 187 187 187 187 187 187 187 187 187 187 187 187 187 187 187 187 187 748 748 748 748 648 648 648 648 514 514 514 514 648 648 648 648 648 648 648 648 394 394 394 394 335 335 335 335 514 514 514 514 368 368 97 97 97 368 368 97 97 97 97 97 97 97 97 6 97 269 269 269 269 269 269 269 269 
1183 187 187 187 187 187 187 187 187 187 187 187 187 187 187 187 187 187 187 187 187 187 187 187 187 187 187 187 187 187 187 187 187 187 187 748 748 748 748 648 648 648 648 514 514 514 514 648 648 648 648 648 648 648 648 394 394 394 394 335 335 335 335 514 514 514 514 368 368 97 97 97 368 368 97 97 97 97 97 97 97 97 97 6 269 269 269 269 269 269 269 269 
1009 368 332 296 232 225 600 332 359 293 247 289 598 402 293 293 293 293 293 700 293 293 271 293 141 193 143 85 149 184 293 293 321 170 79 899 882 188 163 879 872 162 171 846 806 85 88 522 533 475 475 475 527 475 147 449 462 234 422 420 480 191 349 432 585 301 538 434 463 261 269 269 79 76 269 269 224 270 269 269 260 324 269 269 6 48 47 47 37 28 47 47 
976 415 380 344 279 272 646 380 408 293 292 333 643 444 293 293 293 293 293 746 293 293 318 293 176 233 190 88 196 166 293 293 366 209 96 868 851 144 117 848 842 118 131 816 777 47 55 511 526 475 475 475 514 475 106 446 461 251 466 418 477 227 396 420 607 349 585 424 460 304 269 269 125 122 269 269 272 317 269 269 307 371 269 269 48 6 47 47 81 63 47 47 
1007 293 293 293 293 293 293 293 293 293 293 293 293 293 293 293 293 293 293 293 293 293 293 293 293 293 293 293 293 293 293 293 293 293 293 532 532 532 532 475 475 475 475 460 460 460 460 475 475 475 475 475 475 475 475 391 391 391 391 361 361 361 361 460 460 460 460 264 264 269 269 269 264 264 269 269 269 269 269 269 269 269 269 269 47 47 6 47 47 47 47 47 
1007 293 293 293 293 293 293 293 293 293 293 293 293 293 293 293 293 293 293 293 293 293 293 293 293 293 293 293 293 293 293 293 293 293 293 532 532 532 532 475 475 475 475 460 460 460 460 475 475 475 475 475 475 475 475 391 391 391 391 361 361 361 361 460 460 460 460 264 264 269 269 269 264 264 269 269 269 269 269 269 269 269 269 269 47 47 47 6 47 47 47 47 
1026 337 303 267 203 195 568 303 332 293 220 257 566 368 293 293 293 293 293 668 293 293 243 293 124 173 112 101 119 196 293 293 291 139 75 916 899 216 194 896 888 188 194 862 821 112 112 521 533 475 475 475 530 475 177 446 458 231 392 419 479 172 319 439 568 273 508 437 462 229 269 269 53 52 269 269 191 241 269 269 228 294 269 269 37 81 47 47 6 28 47 47 
1019 357 324 288 220 211 588 323 352 293 233 276 586 388 293 293 293 293 293 687 293 293 264 293 145 195 134 99 140 192 293 293 306 149 85 909 892 199 175 889 882 171 179 855 815 92 96 526 537 475 475 475 532 475 155 452 465 222 413 425 486 190 342 440 586 293 528 439 467 249 269 269 67 69 269 269 212 263 269 269 248 316 269 269 28 63 47 47 28 6 47 47 
1007 293 293 293 293 293 293 293 293 293 293 293 293 293 293 293 293 293 293 293 293 293 293 293 293 293 293 293 293 293 293 293 293 293 293 532 532 532 532 475 475 475 475 460 460 460 460 475 475 475 475 475 475 475 475 391 391 391 391 361 361 361 361 460 460 460 460 264 264 269 269 269 264 264 269 269 269 269 269 269 269 269 269 269 47 47 47 47 47 47 6 47 
1007 293 293 293 293 293 293 293 293 293 293 293 293 293 293 293 293 293 293 293 293 293 293 293 293 293 293 293 293 293 293 293 293 293 293 532 532 532 532 475 475 475 475 460 460 460 460 475 475 475 475 475 475 475 475 391 391 391 391 361 361 361 361 460 460 460 460 264 264 269 269 269 264 264 269 269 269 269 269 269 269 269 269 269 47 47 47 47 47 47 47 6 
6 636 631 694 662 503 628 674 783 634 429 611 601 546 546 546 546 719 546 688 546 546 653 546 721 666 587 485 546 546 546 546 546 561 546 410 394 516 587 435 432 548 558 473 485 511 562 501 505 482 482 428 501 482 596 533 573 631 627 558 563 633 653 534 567 545 634 446 520 586 535 535 572 582 535 535 624 622 535 535 657 661 535 535 520 532 485 485 563 539 485 485 
636 6 61 105 85 241 66 52 192 36 428 71 143 244 244 244 244 97 244 81 244 244 53 244 157 65 180 334 244 244 244 244 244 299 244 271 263 243 137 219 212 158 87 197 180 177 92 157 155 227 227 260 180 227 113 171 135 149 135 128 140 110 123 175 148 223 140 240 141 66 206 206 190 104 206 206 189 76 206 206 144 79 206 206 224 160 206 206 161 111 206 206 
631 61 6 68 50 213 123 61 162 80 410 125 194 244 244 244 244 125 244 127 244 244 76 244 114 44 138 300 244 244 244 244 244 277 244 247 248 205 97 210 220 131 101 179 205 156 127 149 166 227 227 254 204 227 153 173 160 149 158 119 172 99 161 147 190 189 169 219 138 109 206 206 144 79 206 206 147 64 206 206 90 47 206 206 185 129 206 206 124 120 206 206 
694 105 68 6 51 257 165 69 98 118 457 171 241 244 244 244 244 115 244 140 244 244 99 244 57 47 166 337 244 244 244 244 244 310 244 301 307 243 134 269 285 173 163 235 267 207 187 207 226 227 227 307 262 227 197 220 207 168 188 166 222 117 185 194 241 223 202 273 196 165 206 206 172 128 206 206 157 101 206 206 81 53 206 206 224 181 206 206 162 184 206 206 
662 85 50 51 6 222 145 73 142 94 421 151 217 244 244 244 244 128 244 135 244 244 87 244 97 52 133 312 244 244 244 244 244 281 244 268 273 211 103 235 252 137 129 199 239 168 160 176 193 227 227 284 235 227 177 193 182 149 168 145 200 110 179 157 213 190 177 239 162 139 206 206 143 94 206 206 134 79 206 206 72 37 206 206 192 146 206 206 127 147 206 206 
503 241 213 257 222 6 265 264 337 252 210 260 287 244 244 244 244 325 244 294 244 244 248 244 276 244 126 118 244 244 244 244 244 132 244 123 158 67 173 164 205 148 202 124 246 102 237 181 201 227 227 243 247 227 269 220 253 253 276 218 272 256 317 112 266 82 263 116 174 234 206 206 114 190 206 206 146 227 206 206 214 237 206 206 82 129 206 206 132 168 206 206 
628 66 123 165 145 265 6 104 245 66 432 30 83 244 244 244 244 121 244 73 244 244 87 244 218 123 228 360 244 244 244 244 244 316 244 292 277 278 186 229 205 191 103 218 158 203 82 175 154 227 227 263 153 227 79 176 126 168 135 153 114 147 103 205 105 253 125 257 153 51 206 206 237 150 206 206 233 122 206 206 206 140 206 206 261 197 206 206 201 116 206 206 
674 52 61 69 73 264 104 6 147 69 456 113 183 244 244 244 244 69 244 89 244 244 64 244 121 40 191 351 244 244 244 244 244 321 244 301 298 260 146 257 256 182 130 231 225 208 138 192 200 227 227 290 222 227 149 206 176 170 166 154 178 115 141 202 193 241 175 272 179 111 206 206 199 124 206 206 192 80 206 206 128 60 206 206 242 183 206 206 179 152 206 206 
783 192 162 98 142 337 245 147 6 204 536 254 322 244 244 244 244 159 244 201 244 244 178 244 69 136 240 410 244 244 244 244 244 376 244 388 397 319 217 362 378 262 256 327 359 299 277 298 318 227 227 397 355 227 281 306 290 240 261 252 306 192 253 278 326 299 273 360 290 255 206 206 246 219 206 206 221 189 206 206 142 140 206 206 301 268 206 206 246 278 206 206 
634 36 80 118 94 252 66 69 204 6 437 70 138 244 244 244 244 100 244 89 244 244 61 244 171 81 192 348 244 244 244 244 244 315 244 275 264 253 142 216 209 156 83 198 172 180 89 153 151 227 227 252 171 227 102 163 127 142 128 120 125 102 108 179 139 231 139 242 136 63 206 206 200 102 206 206 202 72 206 206 155 88 206 206 233 167 206 206 166 114 206 206 
429 428 410 457 421 210 432 456 536 437 6 427 424 244 244 244 244 516 244 471 244 244 435 244 477 439 329 176 244 244 244 244 244 215 244 242 269 251 372 294 322 333 378 281 373 281 401 342 347 227 227 349 370 227 423 367 406 419 436 397 424 446 485 296 404 258 416 250 336 403 206 206 316 386 206 206 334 421 206 206 417 435 206 206 274 322 206 206 324 335 206 206 
611 71 125 171 151 260 30 113 254 70 427 6 78 244 244 244 244 135 244 84 244 244 86 244 221 127 229 355 244 244 244 244 244 310 244 280 264 274 188 215 187 185 94 206 140 196 71 160 136 227 227 250 140 227 78 160 109 161 126 142 102 144 105 196 90 247 120 243 142 44 206 206 234 149 206 206 234 126 206 206 208 148 206 206 256 193 206 206 198 112 206 206 
601 143 194 241 217 287 83 183 322 138 424 78 6 244 244 244 244 197 244 132 244 244 153 244 292 198 280 380 244 244 244 244 244 324 244 308 287 314 246 238 196 233 144 238 144 232 115 200 159 227 227 269 138 227 100 190 136 203 158 199 125 211 144 236 78 284 136 270 178 98 206 206 287 209 206 206 284 193 206 206 276 217 206 206 300 241 206 206 247 144 206 206 
546 244 244 244 244 244 244 244 244 244 244 244 244 6 244 244 244 244 244 244 244 244 244 244 244 244 244 244 244 244 244 244 244 244 244 243 243 243 243 227 227 227 227 249 249 249 249 227 227 227 227 227 227 227 227 229 229 229 229 236 236 236 236 249 249 249 249 221 221 206 206 206 221 221 206 206 206 206 206 206 206 206 206 206 206 206 206 206 206 206 206 206 
546 244 244 244 244 244 244 244 244 244 244 244 244 244 6 244 244 244 244 244 244 244 244 244 244 244 244 244 244 244 244 244 244 244 244 243 243 243 243 227 227 227 227 249 249 249 249 227 227 227 227 227 227 227 227 229 229 229 229 236 236 236 236 249 249 249 249 221 221 206 206 206 221 221 206 206 206 206 206 206 206 206 206 206 206 206 206 206 206 206 206 206 
546 244 244 244 244 244 244 244 244 244 244 244 244 244 244 6 244 244 244 244 244 244 244 244 244 244 244 244 244 244 244 244 244 244 244 243 243 243 243 227 227 227 227 249 249 249 249 227 227 227 227 227 227 227 227 229 229 229 229 236 236 236 236 249 249 249 249 221 221 206 206 206 221 221 206 206 206 206 206 206 206 206 206 206 206 206 206 206 206 206 206 206 
546 244 244 244 244 244 244 244 244 244 244 244 244 244 244 244 6 244 244 244 244 244 244 244 244 244 244 244 244 244 244 244 244 244 244 243 243 243 243 227 227 227 227 249 249 249 249 227 227 227 227 227 227 227 227 229 229 229 229 236 236 236 236 249 249 249 249 221 221 206 206 206 221 221 206 206 206 206 206 206 206 206 206 206 206 206 206 206 206 206 206 206 
